[8.541183505315768, -59.98464976687033],
[8.53285017201577, -59.976316433570325],
[8.52451683871577, -59.967983100270324],
[8.516183505415771, -59.95131643367032],
[8.507850172115768, -59.94298310037033],
[8.49951683881577, -59.934649767070326],
[8.491183505515771, -59.926316433770324],
[8.48285017221577, -59.917983100470316],
[8.474516838915768, -59.90964976717032],
[8.46618350561577, -59.90964976717032],
[8.457850172315771, -59.90131643387032],
[8.44951683901577, -59.892983100570326],
[8.44118350571577, -59.892983100570326],
[8.43285017241577, -59.884649767270325],
[8.424516839115773, -59.884649767270325],
[8.416183505815768, -59.87631643397032],
[8.40785017251577, -59.751316434470326],
[8.39951683921577, -59.734649767870316],
[8.391183505915771, -59.709649767970326],
[8.382850172615768, -59.701316434670325],
[8.37451683931577, -59.68464976807032],
[8.366183506015771, -59.66798310147033],
[8.35785017271577, -59.659649768170326],
[8.349516839415768, -59.642983101570316],
[8.34118350611577, -59.63464976827032],
[8.332850172815771, -59.617983101670326],
[8.324516839515768, -59.609649768370325],
[8.31618350621577, -59.59298310177032],
[8.30785017291577, -59.57631643517033],
[8.299516839615771, -59.559649768570324],
[8.291183506315768, -59.54298310197032],
[8.28285017301577, -59.526316435370326],
[8.274516839715771, -59.509649768770316],
[8.26618350641577, -59.49298310217032],
[8.257850173115768, -59.476316435570325],
[8.24951683981577, -59.467983102270324],
[8.241183506515771, -59.45131643567032],
[8.23285017321577, -59.434649769070326],
[8.224516839915768, -59.426316435770325],
[8.21618350661577, -59.40964976917032],
[8.207850173315773, -59.39298310257033],
[8.199516840015768, -59.376316435970324],
[8.19118350671577, -59.367983102670316],
[8.18285017341577, -59.35131643607033],
[8.174516840115771, -59.342983102770326],
[8.166183506815768, -59.326316436170316],
[8.15785017351577, -59.30964976957032],
[8.149516840215771, -59.292983102970325],
[8.14118350691577, -59.284649769670324],
[8.132850173615768, -59.26798310307032],
[8.12451684031577, -59.25964976977033],
[8.116183507015771, -59.242983103170324],
[8.10785017371577, -59.22631643657032],
[8.09951684041577, -59.209649769970326],
[8.09118350711577, -59.201316436670325],
[8.082850173815773, -59.19298310337032],
[8.074516840515768, -59.17631643677032],
[8.06618350721577, -59.159649770170326],
[8.05785017391577, -59.142983103570316],
[8.049516840615771, -59.13464977027032],
[8.041183507315768, -59.12631643697032],
[8.03285017401577, -59.117983103670326],
[8.024516840715771, -59.109649770370325],
[8.01618350741577, -59.09298310377032],
[8.007850174115768, -59.09298310377032],
[7.9995168408157715, -59.07631643717033],
[7.991183507515771, -59.07631643717033],
[7.982850174215772, -59.067983103870326],
[7.974516840915771, -59.059649770570324],
[7.966183507615772, -59.051316437270316],
[7.957850174315771, -59.04298310397032],
[7.949516841015772, -59.03464977067032],
[7.941183507715771, -59.026316437370326],
[7.932850174415772, -59.017983104070325],
[7.924516841115771, -59.00964977077032],
[7.91618350781577, -59.00964977077032],
[7.907850174515771, -59.00131643747032],
[7.89951684121577, -58.99298310417032],
[7.8911835079157715, -58.98464977087033],
[7.88285017461577, -58.976316437570325],
[7.874516841315772, -58.967983104270324],
[7.866183508015771, -58.959649770970316],
[7.857850174715772, -58.95131643767032],
[7.849516841415771, -58.95131643767032],
[7.841183508115772, -58.94298310437032],
[7.832850174815771, -58.934649771070326],
[7.82451684151577, -58.926316437770325],
[7.816183508215771, -58.917983104470316],
[7.807850174915772, -58.90964977117032],
[7.799516841615771, -58.90131643787032],
[7.79118350831577, -58.884649771270325],
[7.7828501750157715, -58.884649771270325],
[7.77451684171577, -58.876316437970324],
[7.7661835084157715, -58.867983104670316],
[7.757850175115771, -58.85964977137032],
[7.749516841815772, -58.842983104770326],
[7.741183508515771, -58.826316438170316],
[7.732850175215772, -58.81798310487032],
[7.724516841915771, -58.81798310487032],
[7.716183508615772, -58.80964977157032],
[7.707850175315771, -58.80964977157032],
[7.69951684201577, -58.80131643827033],
[7.691183508715771, -58.80131643827033],
[7.68285017541577, -58.792983104970325],
[7.6745168421157715, -58.792983104970325],
[7.66618350881577, -58.784649771670324],
[7.6578501755157715, -58.784649771670324],
[7.64951684221577, -58.776316438370316],
[7.641183508915772, -58.76798310507032],
[7.632850175615771, -58.72631643857032],
[7.624516842315772, -58.70964977197033],
[7.616183509015771, -58.684649772070316],
[7.607850175715772, -58.67631643877032],
[7.599516842415771, -58.66798310547032],
[7.591183509115772, -58.659649772170326],
[7.582850175815771, -58.659649772170326],
[7.57451684251577, -58.651316438870325],
[7.566183509215771, -58.651316438870325],
[7.55785017591577, -58.642983105570316],
[7.5495168426157715, -58.63464977227032],
[7.54118350931577, -58.63464977227032],
[7.532850176015772, -58.62631643897032],
[7.524516842715771, -58.617983105670326],
[7.516183509415772, -58.609649772370325],
[7.507850176115771, -58.60131643907032],
[7.499516842815772, -58.592983105770315],
[7.491183509515771, -58.592983105770315],
[7.48285017621577, -58.58464977247032],
[7.474516842915771, -58.57631643917033],
[7.466183509615772, -58.567983105870326],
[7.457850176315771, -58.559649772570324],
[7.44951684301577, -58.559649772570324],
[7.4411835097157715, -58.551316439270316],
[7.43285017641577, -58.54298310597032],
[7.4245168431157715, -58.54298310597032],
[7.416183509815771, -58.53464977267032],
[7.407850176515772, -58.526316439370326],
[7.399516843215771, -58.517983106070325],
[7.39118350991577, -58.50964977277032],
[7.382850176615771, -58.501316439470315],
[7.374516843315772, -58.49298310617032],
[7.366183510015771, -58.48464977287033],
[7.35785017671577, -58.48464977287033],
[7.349516843415771, -58.476316439570326],
[7.341183510115771, -58.476316439570326],
[7.3328501768157714, -58.476316439570326],
[7.32451684351577, -58.476316439570326],
[7.3161835102157715, -58.467983106270324],
[7.30785017691577, -58.467983106270324],
[7.299516843615772, -58.467983106270324],
[7.291183510315771, -58.467983106270324],
[7.282850177015772, -58.467983106270324],
[7.274516843715771, -58.467983106270324],
[7.26618351041577, -58.476316439570326],
[7.257850177115771, -58.476316439570326],
[7.249516843815772, -58.476316439570326],
[7.241183510515771, -58.476316439570326],
[7.23285017721577, -58.476316439570326],
[7.224516843915771, -58.476316439570326],
[7.21618351061577, -58.48464977287033],
[7.2078501773157715, -58.48464977287033],
[7.19951684401577, -58.48464977287033],
[7.1911835107157716, -58.48464977287033],
[7.18285017741577, -58.476316439570326],
[7.174516844115772, -58.476316439570326],
[7.16618351081577, -58.476316439570326],
[7.157850177515772, -58.467983106270324],
[7.149516844215771, -58.467983106270324],
[7.141183510915771, -58.467983106270324],
[7.132850177615771, -58.467983106270324],
[7.124516844315772, -58.467983106270324],
[7.116183511015771, -58.467983106270324],
[7.107850177715771, -58.476316439570326],
[7.0995168444157715, -58.459649772970316],
[7.091183511115771, -58.459649772970316],
[7.0828501778157715, -58.459649772970316],
[7.07451684451577, -58.459649772970316],
[7.066183511215772, -58.459649772970316],
[7.05785017791577, -58.459649772970316],
[7.049516844615771, -58.459649772970316],
[7.041183511315771, -58.459649772970316],
[7.032850178015773, -58.467983106270324],
[7.024516844715771, -58.426316439770325],
[7.016183511415771, -58.41798310647032],
[7.007850178115771, -58.40964977317032],
[6.999516844815771, -58.39298310657033],
[6.991183511515771, -58.39298310657033],
[6.982850178215771, -58.40131643987032],
[6.9745168449157715, -58.41798310647032],
[6.96618351161577, -58.367983106670316],
[6.957850178315772, -58.35131644007033],
[6.94951684501577, -58.342983106770326],
[6.941183511715772, -58.342983106770326],
[6.932850178415771, -58.35964977337032],
[6.924516845115771, -58.367983106670316],
[6.916183511815771, -58.39298310657033],
[6.907850178515773, -58.40964977317032],
[6.899516845215771, -58.434649773070326],
[6.891183511915771, -58.32631644017032],
[6.882850178615771, -58.284649773670324],
[6.874516845315771, -58.25964977377033],
[6.8661835120157715, -58.251316440470326],
[6.85785017871577, -58.234649773870316],
[6.8495168454157715, -58.21798310727032],
[6.84118351211577, -58.20964977397033],
[6.832850178815771, -58.101316441070324],
[6.82451684551577, -58.059649774570325],
[6.816183512215772, -58.04298310797032],
[6.807850178915771, -58.017983108070325],
[6.799516845615771, -58.009649774770324],
[6.791183512315771, -58.001316441470316],
[6.782850179015772, -57.98464977487033],
[6.774516845715771, -57.976316441570326],
[6.766183512415771, -57.967983108270325],
[6.7578501791157715, -57.959649774970316],
[6.749516845815771, -57.94298310837032],
[6.7411835125157715, -57.934649775070326],
[6.73285017921577, -57.926316441770325],
[6.724516845915772, -57.91798310847032],
[6.71618351261577, -57.909649775170315],
[6.707850179315771, -57.90131644187032],
[6.699516846015771, -57.884649775270326],
[6.691183512715773, -57.876316441970324],
[6.682850179415771, -57.867983108670316],
[6.674516846115771, -57.85964977537032],
[6.666183512815771, -57.85131644207032],
[6.657850179515771, -57.842983108770326],
[6.649516846215771, -57.834649775470325],
[6.641183512915771, -57.81798310887032],
[6.6328501796157715, -57.80964977557032],
[6.62451684631577, -57.80131644227033],
[6.616183513015772, -57.80131644227033],
[6.60785017971577, -57.792983108970326],
[6.599516846415772, -57.784649775670324],
[6.591183513115771, -57.76798310907032],
[6.582850179815771, -57.75964977577032],
[6.574516846515771, -57.75964977577032],
[6.566183513215773, -57.751316442470326],
[6.557850179915771, -57.742983109170325],
[6.549516846615771, -57.72631644257032],
[6.541183513315771, -57.71798310927032],
[6.532850180015772, -57.701316442670326],
[6.5245168467157715, -57.692983109370324],
[6.51618351341577, -57.684649776070316],
[6.5078501801157715, -57.67631644277032],
[6.49951684681577, -57.66798310947032],
[6.491183513515771, -57.66798310947032],
[6.48285018021577, -57.659649776170326],
[6.474516846915772, -57.64298310957032],
[6.466183513615771, -57.63464977627032],
[6.457850180315771, -57.62631644297032],
[6.449516847015771, -57.61798310967033],
[6.441183513715772, -57.609649776370325],
[6.432850180415771, -57.601316443070324],
[6.424516847115771, -57.601316443070324],
[6.4161835138157715, -57.592983109770316],
[6.407850180515771, -57.58464977647032],
[6.39951684721577, -57.58464977647032],
[6.39118351391577, -57.57631644317032],
[6.382850180615772, -57.567983109870326],
[6.37451684731577, -57.567983109870326],
[6.366183514015771, -57.567983109870326],
[6.357850180715771, -57.567983109870326],
[6.349516847415773, -57.476316443570326],
[6.341183514115771, -57.45131644367032],
[6.332850180815771, -57.426316443770325],
[6.324516847515771, -57.409649777170316],
[6.316183514215772, -57.39298311057032],
[6.307850180915771, -57.384649777270326],
[6.299516847615771, -57.376316443970325],
[6.2911835143157715, -57.35964977737032],
[6.28285018101577, -57.35131644407032],
[6.27451684771577, -57.334649777470325],
[6.26618351441577, -57.317983110870315],
[6.257850181115772, -57.30964977757032],
[6.249516847815771, -57.30131644427032],
[6.241183514515771, -57.292983110970326],
[6.232850181215771, -57.276316444370316],
[6.224516847915773, -57.26798311107032],
[6.216183514615771, -57.25964977777032],
[6.207850181315771, -57.251316444470326],
[6.199516848015771, -57.242983111170325],
[6.191183514715772, -57.23464977787032],
[6.18285018141577, -57.226316444570315],
[6.17451684811577, -57.21798311127032],
[6.1661835148157715, -57.20964977797032],
[6.15785018151577, -57.201316444670326],
[6.149516848215771, -57.192983111370324],
[6.14118351491577, -57.192983111370324],
[6.132850181615772, -57.184649778070316],
[6.124516848315771, -57.17631644477032],
[6.116183515015771, -57.17631644477032],
[6.107850181715771, -57.16798311147032],
[6.099516848415772, -57.16798311147032],
[6.091183515115771, -57.159649778170326],
[6.082850181815771, -57.159649778170326],
[6.0745168485157714, -57.159649778170326],
[6.066183515215771, -57.159649778170326],
[6.05785018191577, -57.159649778170326],
[6.04951684861577, -57.159649778170326],
[6.041183515315772, -57.151316444870325],
[6.03285018201577, -57.151316444870325],
[6.024516848715771, -57.151316444870325],
[6.016183515415771, -57.151316444870325],
[6.007850182115772, -57.14298311157032],
[5.999516848815771, -57.14298311157032],
[5.991183515515771, -57.151316444870325],
[5.982850182215771, -57.151316444870325],
[5.974516848915772, -57.159649778170326],
[5.966183515615771, -57.159649778170326],
[5.957850182315771, -57.159649778170326],
[5.9495168490157715, -57.159649778170326],
[5.94118351571577, -57.159649778170326],
[5.93285018241577, -57.159649778170326],
[5.92451684911577, -57.159649778170326],
[5.916183515815772, -57.159649778170326],
[5.90785018251577, -57.159649778170326],
[5.899516849215771, -57.159649778170326],
[5.891183515915771, -57.159649778170326],
[5.882850182615773, -57.159649778170326],
[5.874516849315771, -57.159649778170326],
[5.866183516015771, -57.151316444870325],
[5.857850182715771, -57.151316444870325],
[5.849516849415771, -57.151316444870325],
[5.84118351611577, -57.159649778170326],
[5.832850182815771, -57.159649778170326],
[5.8245168495157715, -57.16798311147032],
[5.81618351621577, -57.16798311147032],
[5.80785018291577, -57.17631644477032],
[5.79951684961577, -57.17631644477032],
[5.791183516315772, -57.184649778070316],
[5.782850183015771, -57.184649778070316],
[5.774516849715771, -57.184649778070316],
[5.766183516415771, -57.184649778070316],
[5.757850183115772, -57.192983111370324],
[5.749516849815771, -57.192983111370324],
[5.741183516515771, -57.192983111370324],
[5.7328501832157714, -57.192983111370324],
[5.724516849915771, -57.184649778070316],
[5.71618351661577, -57.184649778070316],
[5.70785018331577, -57.17631644477032],
[5.699516850015772, -57.17631644477032],
[5.69118351671577, -57.17631644477032],
[5.682850183415771, -57.17631644477032],
[5.674516850115771, -57.17631644477032],
[5.666183516815772, -57.17631644477032],
[5.657850183515771, -57.17631644477032],
[5.649516850215771, -57.17631644477032],
[5.641183516915771, -57.17631644477032],
[5.632850183615772, -57.17631644477032],
[5.62451685031577, -57.184649778070316],
[5.616183517015771, -57.184649778070316],
[5.6078501837157715, -57.184649778070316],
[5.59951685041577, -57.192983111370324],
[5.59118351711577, -57.192983111370324],
[5.58285018381577, -57.201316444670326],
[5.574516850515772, -57.201316444670326],
[5.56618351721577, -57.20964977797032],
[5.557850183915771, -57.21798311127032],
[5.549516850615771, -57.21798311127032],
[5.541183517315773, -57.226316444570315],
[5.532850184015771, -57.23464977787032],
[5.524516850715771, -57.242983111170325],
[5.516183517415771, -57.251316444470326],
[5.507850184115771, -57.25964977777032],
[5.49951685081577, -57.26798311107032],
[5.491183517515771, -57.26798311107032],
[5.4828501842157715, -57.276316444370316],
[5.47451685091577, -57.276316444370316],
[5.46618351761577, -57.276316444370316],
[5.45785018431577, -57.276316444370316],
[5.449516851015772, -57.276316444370316],
[5.441183517715771, -57.276316444370316],
[5.432850184415771, -57.276316444370316],
[5.424516851115771, -57.276316444370316],
[5.416183517815772, -57.276316444370316],
[5.407850184515771, -57.284649777670325],
[5.399516851215771, -57.284649777670325],
[5.391183517915771, -57.292983110970326],
[5.382850184615771, -57.30131644427032],
[5.37451685131577, -57.317983110870315],
[5.36618351801577, -57.326316444170324],
[5.357850184715772, -57.334649777470325],
[5.34951685141577, -57.334649777470325],
[5.341183518115771, -57.34298311077033],
[5.332850184815771, -57.34298311077033],
[5.324516851515772, -57.35131644407032],
[5.316183518215771, -57.35131644407032],
[5.307850184915771, -57.30131644427032],
[5.299516851615771, -57.30131644427032],
[5.291183518315772, -57.30131644427032],
[5.28285018501577, -57.30131644427032],
[5.274516851715771, -57.30131644427032],
[5.2661835184157715, -57.30131644427032],
[5.25785018511577, -57.23464977787032],
[5.24951685181577, -57.226316444570315],
[5.24118351851577, -57.226316444570315],
[5.232850185215772, -57.21798311127032],
[5.22451685191577, -57.21798311127032],
[5.216183518615771, -57.20964977797032],
[5.207850185315771, -57.201316444670326],
[5.199516852015773, -57.201316444670326],
[5.191183518715771, -57.192983111370324],
[5.182850185415771, -57.192983111370324],
[5.174516852115771, -57.192983111370324],
[5.166183518815771, -57.20964977797032],
[5.15785018551577, -57.30964977757032],
[5.149516852215771, -57.30964977757032],
[5.1411835189157715, -57.30964977757032],
[5.13285018561577, -57.317983110870315],
[5.12451685231577, -57.317983110870315],
[5.11618351901577, -57.326316444170324],
[5.107850185715772, -57.326316444170324],
[5.099516852415771, -57.334649777470325],
[5.091183519115771, -57.334649777470325],
[5.082850185815771, -57.34298311077033],
[5.074516852515772, -57.34298311077033],
[5.066183519215771, -57.334649777470325],
[5.057850185915771, -57.326316444170324],
[5.049516852615771, -57.30131644427032],
[5.041183519315771, -57.35131644407032],
[5.03285018601577, -57.384649777270326],
[5.02451685271577, -57.40131644387032],
[5.016183519415772, -57.417983110470324],
[5.00785018611577, -57.71798310927032],
[4.999516852815771, -57.73464977587032],
[4.991183519515771, -57.742983109170325],
[4.982850186215772, -57.751316442470326],
[4.974516852915771, -57.75964977577032],
[4.966183519615771, -57.75964977577032],
[4.957850186315771, -57.75964977577032],
[4.949516853015771, -57.75964977577032],
[4.94118351971577, -57.776316442370316],
[4.932850186415771, -57.85131644207032],
[4.9245168531157715, -57.85964977537032],
[4.91618351981577, -57.867983108670316],
[4.90785018651577, -57.876316441970324],
[4.89951685321577, -57.884649775270326],
[4.891183519915772, -57.89298310857033],
[4.88285018661577, -57.89298310857033],
[4.874516853315771, -57.90131644187032],
[4.866183520015771, -57.909649775170315],
[4.857850186715773, -57.91798310847032],
[4.849516853415771, -57.926316441770325],
[4.841183520115771, -57.926316441770325],
[4.832850186815771, -57.926316441770325],
[4.824516853515771, -57.934649775070326],
[4.81618352021577, -57.934649775070326],
[4.807850186915771, -57.934649775070326],
[4.7995168536157715, -57.926316441770325],
[4.79118352031577, -57.926316441770325],
[4.78285018701577, -57.926316441770325],
[4.77451685371577, -57.89298310857033],
[4.766183520415772, -57.884649775270326],
[4.757850187115771, -57.876316441970324],
[4.749516853815771, -57.876316441970324],
[4.741183520515771, -57.876316441970324],
[4.732850187215772, -57.876316441970324],
[4.72451685391577, -57.876316441970324],
[4.716183520615771, -57.867983108670316],
[4.707850187315771, -57.867983108670316],
[4.699516854015771, -57.85964977537032],
[4.69118352071577, -57.85964977537032],
[4.68285018741577, -57.85131644207032],
[4.674516854115772, -57.85131644207032],
[4.66618352081577, -57.85131644207032],
[4.657850187515771, -57.85131644207032],
[4.649516854215771, -57.85131644207032],
[4.641183520915772, -57.842983108770326],
[4.632850187615771, -57.85131644207032],
[4.624516854315771, -57.85131644207032],
[4.616183521015771, -57.85964977537032],
[4.607850187715771, -57.867983108670316],
[4.59951685441577, -57.867983108670316],
[4.591183521115771, -57.876316441970324],
[4.5828501878157715, -57.884649775270326],
[4.574516854515771, -57.884649775270326],
[4.56618352121577, -57.884649775270326],
[4.55785018791577, -57.89298310857033],
[4.549516854615772, -57.89298310857033],
[4.54118352131577, -57.89298310857033],
[4.532850188015771, -57.89298310857033],
[4.524516854715771, -57.90131644187032],
[4.516183521415771, -57.90131644187032],
[4.507850188115771, -57.90131644187032],
[4.499516854815771, -57.909649775170315],
[4.491183521515771, -57.909649775170315],
[4.482850188215771, -57.91798310847032],
[4.4745168549157714, -57.926316441770325],
[4.466183521615771, -57.926316441770325],
[4.4578501883157715, -57.934649775070326],
[4.44951685501577, -57.94298310837032],
[4.44118352171577, -57.95131644167032],
[4.43285018841577, -57.95131644167032],
[4.424516855115771, -57.959649774970316],
[4.416183521815771, -57.959649774970316],
[4.407850188515771, -57.967983108270325],
[4.399516855215771, -57.967983108270325],
[4.391183521915771, -57.967983108270325],
[4.382850188615771, -57.967983108270325],
[4.374516855315771, -57.967983108270325],
[4.366183522015771, -57.967983108270325],
[4.357850188715771, -57.967983108270325],
[4.3495168554157715, -57.967983108270325],
[4.34118352211577, -57.976316441570326],
[4.33285018881577, -58.001316441470316],
[4.32451685551577, -58.001316441470316],
[4.316183522215771, -58.001316441470316],
[4.30785018891577, -58.001316441470316],
[4.299516855615771, -58.001316441470316],
[4.291183522315771, -58.001316441470316],
[4.282850189015771, -58.001316441470316],
[4.274516855715771, -58.009649774770324],
[4.266183522415771, -58.017983108070325],
[4.257850189115771, -58.02631644137033],
[4.249516855815771, -58.02631644137033],
[4.2411835225157715, -58.03464977467032],
[4.232850189215771, -58.04298310797032],
[4.2245168559157715, -58.04298310797032],
[4.21618352261577, -58.051316441270316],
[4.20785018931577, -58.051316441270316],
[4.19951685601577, -58.059649774570325],
[4.191183522715771, -58.067983107870326],
[4.182850189415771, -58.067983107870326],
[4.174516856115771, -58.07631644117033],
[4.166183522815771, -58.07631644117033],
[4.157850189515771, -58.08464977447032],
[4.149516856215771, -58.08464977447032],
[4.141183522915771, -58.08464977447032],
[4.132850189615771, -58.08464977447032],
[4.124516856315771, -58.07631644117033],
[4.1161835230157715, -58.067983107870326],
[4.10785018971577, -58.067983107870326],
[4.09951685641577, -58.059649774570325],
[4.09118352311577, -58.059649774570325],
[4.082850189815771, -58.059649774570325],
[4.074516856515771, -58.059649774570325],
[4.066183523215771, -58.059649774570325],
[4.057850189915771, -58.051316441270316],
[4.049516856615771, -58.051316441270316],
[4.041183523315771, -58.051316441270316],
[4.032850190015771, -58.051316441270316],
[4.024516856715771, -58.051316441270316],
[4.016183523415771, -58.051316441270316],
[4.0078501901157715, -58.051316441270316],
[3.9995168568157706, -58.051316441270316],
[3.9911835235157698, -58.051316441270316],
[3.9828501902157707, -58.04298310797032],
[3.9745168569157707, -58.03464977467032],
[3.9661835236157708, -58.03464977467032],
[3.957850190315771, -58.02631644137033],
[3.9495168570157713, -58.017983108070325],
[3.9411835237157704, -58.009649774770324],
[3.9328501904157713, -58.001316441470316],
[3.9245168571157705, -58.001316441470316],
[3.9161835238157714, -58.001316441470316],
[3.9078501905157705, -58.001316441470316],
[3.8995168572157715, -57.926316441770325],
[3.8911835239157706, -57.91798310847032],
[3.8828501906157697, -57.91798310847032],
[3.8745168573157707, -57.909649775170315],
[3.86618352401577, -57.90131644187032],
[3.8578501907157707, -57.90131644187032],
[3.8495168574157708, -57.89298310857033],
[3.8411835241157712, -57.89298310857033],
[3.832850190815771, -57.884649775270326],
[3.8245168575157713, -57.876316441970324],
[3.8161835242157705, -57.876316441970324],
[3.8078501909157714, -57.867983108670316],
[3.7995168576157705, -57.867983108670316],
[3.7911835243157714, -57.85964977537032],
[3.7828501910157706, -57.85964977537032],
[3.7745168577157715, -57.85131644207032],
[3.7661835244157706, -57.85131644207032],
[3.75785019111577, -57.85131644207032],
[3.7495168578157707, -57.85131644207032],
[3.7411835245157707, -57.85131644207032],
[3.732850191215771, -57.85131644207032],
[3.724516857915771, -57.85131644207032],
[3.7161835246157713, -57.85131644207032],
[3.7078501913157704, -57.85131644207032],
[3.6995168580157713, -57.842983108770326],
[3.6911835247157705, -57.842983108770326],
[3.6828501914157714, -57.842983108770326],
[3.6745168581157706, -57.834649775470325],
[3.6661835248157715, -57.834649775470325],
[3.6578501915157706, -57.82631644217032],
[3.6495168582157698, -57.80964977557032],
[3.6411835249157707, -57.792983108970326],
[3.6328501916157707, -57.784649775670324],
[3.6245168583157708, -57.75964977577032],
[3.616183525015771, -57.742983109170325],
[3.6078501917157713, -57.73464977587032],
[3.5995168584157704, -57.73464977587032],
[3.5911835251157713, -57.72631644257032],
[3.582850191815771, -57.72631644257032],
[3.5745168585157714, -57.71798310927032],
[3.566183525215771, -57.70964977597033],
[3.5578501919157715, -57.701316442670326],
[3.549516858615771, -57.692983109370324],
[3.5411835253157706, -57.684649776070316],
[3.532850192015771, -57.684649776070316],
[3.5245168587157707, -57.67631644277032],
[3.516183525415771, -57.67631644277032],
[3.5078501921157708, -57.67631644277032],
[3.4995168588157712, -57.67631644277032],
[3.491183525515771, -57.684649776070316],
[3.4828501922157713, -57.684649776070316],
[3.4745168589157704, -57.692983109370324],
[3.4661835256157714, -57.692983109370324],
[3.457850192315771, -57.701316442670326],
[3.4495168590157714, -57.701316442670326],
[3.441183525715771, -57.701316442670326],
[3.4328501924157706, -57.701316442670326],
[3.424516859115771, -57.701316442670326],
[3.4161835258157707, -57.692983109370324],
[3.407850192515771, -57.684649776070316],
[3.3995168592157707, -57.684649776070316],
[3.391183525915771, -57.58464977647032],
[3.382850192615771, -57.30131644427032],
[3.3745168593157713, -57.30131644427032],
[3.3661835260157704, -57.30131644427032],
[3.3578501927157713, -57.292983110970326],
[3.349516859415771, -57.292983110970326],
[3.3411835261157714, -57.292983110970326],
[3.332850192815771, -57.292983110970326],
[3.3245168595157715, -57.292983110970326],
[3.316183526215771, -57.292983110970326],
[3.3078501929157706, -57.30131644427032],
[3.299516859615771, -57.30131644427032],
[3.2911835263157707, -57.30131644427032],
[3.282850193015771, -57.30131644427032],
[3.2745168597157708, -57.292983110970326],
[3.2661835264157713, -57.292983110970326],
[3.2578501931157704, -57.292983110970326],
[3.2495168598157713, -57.292983110970326],
[3.2411835265157705, -57.292983110970326],
[3.2328501932157714, -57.292983110970326],
[3.224516859915771, -57.292983110970326],
[3.2161835266157714, -57.30131644427032],
[3.207850193315771, -57.30131644427032],
[3.1995168600157706, -57.30131644427032],
[3.191183526715771, -57.30131644427032],
[3.1828501934157707, -57.30131644427032],
[3.174516860115771, -57.30131644427032],
[3.1661835268157708, -57.284649777670325],
[3.1578501935157712, -57.292983110970326],
[3.149516860215771, -57.292983110970326],
[3.1411835269157713, -57.292983110970326],
[3.1328501936157704, -57.251316444470326],
[3.1245168603157714, -57.25964977777032],
[3.116183527015771, -57.26798311107032],
[3.1078501937157714, -57.26798311107032],
[3.099516860415771, -57.25964977777032],
[3.0911835271157706, -57.242983111170325],
[3.082850193815771, -57.21798311127032],
[3.0745168605157707, -57.20964977797032],
[3.066183527215771, -57.20964977797032],
[3.0578501939157707, -57.20964977797032],
[3.049516860615771, -57.20964977797032],
[3.041183527315771, -57.20964977797032],
[3.0328501940157713, -57.23464977787032],
[3.0245168607157704, -57.23464977787032],
[3.0161835274157713, -57.21798311127032],
[3.007850194115771, -57.21798311127032],
[2.9995168608157714, -57.226316444570315],
[2.991183527515771, -57.226316444570315],
[2.9828501942157706, -57.226316444570315],
[2.974516860915771, -57.226316444570315],
[2.9661835276157706, -57.226316444570315],
[2.957850194315771, -57.184649778070316],
[2.9495168610157707, -57.184649778070316],
[2.941183527715771, -57.192983111370324],
[2.9328501944157708, -57.201316444670326],
[2.9245168611157712, -57.226316444570315],
[2.9161835278157704, -57.226316444570315],
[2.9078501945157713, -57.226316444570315],
[2.8995168612157705, -57.21798311127032],
[2.8911835279157714, -57.21798311127032],
[2.882850194615771, -57.20964977797032],
[2.8745168613157706, -57.20964977797032],
[2.866183528015771, -57.201316444670326],
[2.8578501947157706, -57.20964977797032],
[2.849516861415771, -57.20964977797032],
[2.8411835281157707, -57.201316444670326],
[2.832850194815771, -57.17631644477032],
[2.8245168615157707, -57.12631644497032],
[2.8161835282157712, -57.13464977827032],
[2.807850194915771, -57.14298311157032],
[2.7995168616157713, -57.14298311157032],
[2.7911835283157704, -57.14298311157032],
[2.7828501950157714, -57.14298311157032],
[2.774516861715771, -57.101316445070324],
[2.7661835284157714, -57.109649778370326],
[2.757850195115771, -57.109649778370326],
[2.7495168618157706, -57.109649778370326],
[2.741183528515771, -57.101316445070324],
[2.7328501952157707, -57.092983111770316],
[2.724516861915771, -57.08464977847032],
[2.7161835286157707, -57.07631644517033],
[2.707850195315771, -57.07631644517033],
[2.699516862015771, -57.067983111870326],
[2.6911835287157713, -57.067983111870326],
[2.6828501954157704, -57.067983111870326],
[2.6745168621157713, -57.067983111870326],
[2.666183528815771, -57.059649778570325],
[2.6578501955157714, -57.059649778570325],
[2.649516862215771, -57.02631644537032],
[2.6411835289157706, -57.02631644537032],
[2.632850195615771, -57.03464977867032],
[2.6245168623157706, -57.03464977867032],
[2.616183529015771, -57.03464977867032],
[2.6078501957157707, -57.02631644537032],
[2.599516862415771, -57.02631644537032],
[2.5911835291157708, -57.02631644537032],
[2.5828501958157712, -57.017983112070326],
[2.574516862515771, -57.009649778770324],
[2.5661835292157713, -57.001316445470316],
[2.5578501959157705, -56.99298311217032],
[2.5495168626157714, -56.99298311217032],
[2.541183529315771, -56.99298311217032],
[2.5328501960157705, -56.99298311217032],
[2.524516862715771, -56.99298311217032],
[2.5161835294157706, -56.99298311217032],
[2.507850196115771, -56.94298311237032],
[2.4995168628157707, -56.94298311237032],
[2.491183529515771, -56.95131644567032],
[2.4828501962157707, -56.959649778970316],
[2.474516862915771, -56.95131644567032],
[2.466183529615771, -56.95131644567032],
[2.4578501963157713, -56.94298311237032],
[2.4495168630157704, -56.94298311237032],
[2.4411835297157713, -56.93464977907032],
[2.432850196415771, -56.93464977907032],
[2.4245168631157705, -56.93464977907032],
[2.416183529815771, -56.94298311237032],
[2.4078501965157706, -56.93464977907032],
[2.399516863215771, -56.93464977907032],
[2.3911835299157707, -56.926316445770325],
[2.382850196615771, -56.90131644587032],
[2.3745168633157707, -56.89298311257033],
[2.366183530015771, -56.884649779270326],
[2.357850196715771, -56.876316445970325],
[2.3495168634157713, -56.884649779270326],
[2.3411835301157704, -56.884649779270326],
[2.3328501968157713, -56.884649779270326],
[2.324516863515771, -56.884649779270326],
[2.3161835302157714, -56.884649779270326],
[2.307850196915771, -56.884649779270326],
[2.2995168636157706, -56.876316445970325],
[2.291183530315771, -56.85964977937032],
[2.2828501970157706, -56.834649779470325],
[2.274516863715771, -56.817983112870316],
[2.2661835304157707, -56.817983112870316],
[2.257850197115771, -56.817983112870316],
[2.2495168638157708, -56.817983112870316],
[2.2411835305157712, -56.817983112870316],
[2.232850197215771, -56.817983112870316],
[2.2245168639157713, -56.817983112870316],
[2.2161835306157704, -56.817983112870316],
[2.2078501973157714, -56.817983112870316],
[2.199516864015771, -56.80964977957032],
[2.1911835307157705, -56.80131644627033],
[2.182850197415771, -56.80131644627033],
[2.1745168641157706, -56.792983112970326],
[2.166183530815771, -56.792983112970326],
[2.1578501975157707, -56.792983112970326],
[2.149516864215771, -56.784649779670325],
[2.1411835309157707, -56.776316446370316],
[2.132850197615771, -56.76798311307032],
[2.124516864315771, -56.75964977977032],
[2.1161835310157713, -56.75131644647033],
[2.1078501977157704, -56.75131644647033],
[2.0995168644157713, -56.742983113170325],
[2.091183531115771, -56.734649779870324],
[2.0828501978157705, -56.734649779870324],
[2.074516864515771, -56.726316446570316],
[2.0661835312157706, -56.71798311327032],
[2.057850197915771, -56.71798311327032],
[2.0495168646157707, -56.70964977997033],
[2.041183531315771, -56.701316446670326],
[2.0328501980157707, -56.692983113370325],
[2.024516864715771, -56.567983113870326],
[2.016183531415771, -56.55131644727032],
[2.0078501981157713, -56.542983113970315],
[1.9995168648157704, -56.53464978067032],
[1.991183531515771, -56.52631644737033],
[1.9828501982157705, -56.501316447470316],
[1.9745168649157705, -56.48464978087032],
[1.9661835316157708, -56.48464978087032],
[1.9578501983157703, -56.48464978087032],
[1.9495168650157708, -56.48464978087032],
[1.9411835317157704, -56.501316447470316],
[1.9328501984157709, -56.517983114070326],
[1.9245168651157705, -56.55131644727032],
[1.9161835318157707, -56.742983113170325],
[1.9078501985157703, -56.75131644647033],
[1.8995168652157712, -56.75131644647033],
[1.8911835319157704, -56.75964977977032],
[1.8828501986157713, -56.776316446370316],
[1.8745168653157704, -56.784649779670325],
[1.8661835320157711, -57.44298311037032],
[1.8578501987157707, -57.45131644367032],
[1.8495168654157703, -57.45131644367032],
[1.8411835321157708, -57.459649776970316],
[1.8328501988157704, -57.467983110270325],
[1.8245168655157709, -57.467983110270325],
[1.8161835322157704, -57.476316443570326],
[1.8078501989157707, -57.48464977687032],
[1.7995168656157703, -57.49298311017032],
[1.791183532315771, -57.49298311017032],
[1.7828501990157704, -57.501316443470316],
[1.774516865715771, -57.501316443470316],
[1.7661835324157706, -57.509649776770324],
[1.7578501991157711, -57.509649776770324],
[1.7495168658157707, -57.517983110070325],
[1.7411835325157703, -57.517983110070325],
[1.7328501992157708, -57.52631644337033],
[1.7245168659157704, -57.52631644337033],
[1.7161835326157708, -57.54298310997032],
[1.7078501993157704, -57.551316443270316],
[1.699516866015771, -57.80964977557032],
[1.6911835327157705, -57.81798310887032],
[1.6828501994157707, -57.867983108670316],
[1.6745168661157703, -57.89298310857033],
[1.666183532815771, -57.90131644187032],
[1.6578501995157706, -57.91798310847032],
[1.649516866215771, -58.001316441470316],
[1.6411835329157707, -58.001316441470316],
[1.6328501996157703, -58.001316441470316],
[1.6245168663157707, -58.001316441470316],
[1.6161835330157703, -58.001316441470316],
[1.6078501997157708, -58.001316441470316],
[1.5995168664157704, -58.001316441470316],
[1.5911835331157709, -58.001316441470316],
[1.5828501998157705, -58.001316441470316],
[1.5745168665157707, -58.001316441470316],
[1.5661835332157703, -58.001316441470316],
[1.557850199915771, -58.001316441470316],
[1.5495168666157706, -58.001316441470316],
[1.541183533315771, -58.001316441470316],
[1.5328502000157707, -58.001316441470316],
[1.5245168667157702, -58.001316441470316],
[1.5161835334157707, -58.001316441470316],
[1.5078502001157703, -58.376316439970324],
[1.4995168668157708, -58.376316439970324],
[1.4911835335157704, -58.376316439970324],
[1.4828502002157709, -58.384649773270326],
[1.4745168669157704, -58.40131643987032],
[1.4661835336157707, -58.501316439470315],
[1.4578502003157703, -58.501316439470315],
[1.4495168670157708, -58.501316439470315],
[1.4411835337157703, -58.501316439470315],
[1.432850200415771, -58.49298310617032],
[1.4245168671157706, -58.49298310617032],
[1.4161835338157711, -58.49298310617032],
[1.4078502005157707, -58.48464977287033],
[1.3995168672157703, -58.48464977287033],
[1.3911835339157708, -58.476316439570326],
[1.3828502006157704, -58.476316439570326],
[1.3745168673157708, -58.467983106270324],
[1.3661835340157704, -58.467983106270324],
[1.357850200715771, -58.467983106270324],
[1.3495168674157705, -58.467983106270324],
[1.3411835341157707, -58.467983106270324],
[1.3328502008157703, -58.467983106270324],
[1.324516867515771, -58.467983106270324],
[1.3161835342157706, -58.467983106270324],
[1.307850200915771, -58.476316439570326],
[1.2995168676157707, -58.48464977287033],
[1.2911835343157703, -58.49298310617032],
[1.2828502010157707, -58.501316439470315],
[1.2745168677157703, -58.50964977277032],
[1.2661835344157708, -58.71798310527032],
[1.2578502011157704, -58.71798310527032],
[1.2495168678157709, -58.71798310527032],
[1.2411835345157705, -58.71798310527032],
[1.2328502012157707, -58.72631643857032],
[1.2245168679157703, -58.72631643857032],
[1.216183534615771, -58.734649771870316],
[1.2078502013157706, -58.751316438470326],
[1.199516868015771, -58.76798310507032],
[1.1911835347157707, -58.784649771670324],